# WordClockPy
Yet another WordClock project...

```
        - Vertical / First LED bottom left -         
┌───┬───────────────────────────────────────────┬───┐
│011├─────┐                                   ┌─┤113│
├─┬─┘     │   ┌───┐   ┌───┐   ┌───┐   ┌───┐   │ └───┤
│ └──010 012 031 032 051 052 071 072 091 092 112    │
│    009 013 030 033 050 053 070 073 090 093 111    │
│    008 014 029 034 049 054 069 074 089 094 110    │
│    007 015 028 035 048 055 068 075 088 095 109    │
│    006 016 027 036 047 056 067 076 087 096 108    │
│    005 017 026 037 046 057 066 077 086 097 107    │
│    004 018 025 038 045 058 065 078 085 098 106    │
│    003 019 024 039 044 059 064 079 084 099 105    │
│    002 020 023 040 043 060 063 080 083 100 104    │
│    001 021 022 041 042 061 062 081 082 101 103──┐ │
├───┐ │   └───┘   └───┘   └───┘   └───┘   │     ┌─┴─┤
│000├─┘                                   └─────┤102│
└───┴───────────────────────────────────────────┴───┘

        - Vertical / First LED bottom right -         
┌───┬───────────────────────────────────────────┬───┐
│113├─┐                                   ┌─────┤011│
├───┘ │   ┌───┐   ┌───┐   ┌───┐   ┌───┐   │     └─┬─┤
│    112 092 091 072 071 052 051 032 031 012 010──┘ │
│    111 093 090 073 070 053 050 033 030 013 009    │
│    110 094 089 074 069 054 049 034 029 014 008    │
│    109 095 088 075 068 055 048 035 028 015 007    │
│    108 096 087 076 067 056 047 036 027 016 006    │
│    107 097 086 077 066 057 046 037 026 017 005    │
│    106 098 085 078 065 058 045 038 025 018 004    │
│    105 099 084 079 064 059 044 039 024 019 003    │
│    104 100 083 080 063 060 043 040 023 020 002    │
│ ┌──103 101 082 081 062 061 042 041 022 021 001    │
├─┴─┐     │   └───┘   └───┘   └───┘   └───┘   │ ┌───┤
│102├─────┘                                   └─┤000│
└───┴───────────────────────────────────────────┴───┘

          - Vertical / First LED top left -          
┌───┬───────────────────────────────────────────┬───┐
│000├─┐                                   ┌─────┤102│
├───┘ │   ┌───┐   ┌───┐   ┌───┐   ┌───┐   │     └─┬─┤
│    001 021 022 041 042 061 062 081 082 101 103──┘ │
│    002 020 023 040 043 060 063 080 083 100 104    │
│    003 019 024 039 044 059 064 079 084 099 105    │
│    004 018 025 038 045 058 065 078 085 098 106    │
│    005 017 026 037 046 057 066 077 086 097 107    │
│    006 016 027 036 047 056 067 076 087 096 108    │
│    007 015 028 035 048 055 068 075 088 095 109    │
│    008 014 029 034 049 054 069 074 089 094 110    │
│    009 013 030 033 050 053 070 073 090 093 111    │
│ ┌──010 012 031 032 051 052 071 072 091 092 112    │
├─┴─┐     │   └───┘   └───┘   └───┘   └───┘   │ ┌───┤
│011├─────┘                                   └─┤113│
└───┴───────────────────────────────────────────┴───┘

          - Vertical / First LED top right -          
┌───┬───────────────────────────────────────────┬───┐
│102├─────┐                                   ┌─┤000│
├─┬─┘     │   ┌───┐   ┌───┐   ┌───┐   ┌───┐   │ └───┤
│ └──103 101 082 081 062 061 042 041 022 021 001    │
│    104 100 083 080 063 060 043 040 023 020 002    │
│    105 099 084 079 064 059 044 039 024 019 003    │
│    106 098 085 078 065 058 045 038 025 018 004    │
│    107 097 086 077 066 057 046 037 026 017 005    │
│    108 096 087 076 067 056 047 036 027 016 006    │
│    109 095 088 075 068 055 048 035 028 015 007    │
│    110 094 089 074 069 054 049 034 029 014 008    │
│    111 093 090 073 070 053 050 033 030 013 009    │
│    112 092 091 072 071 052 051 032 031 012 010──┐ │
├───┐ │   └───┘   └───┘   └───┘   └───┘   │     ┌─┴─┤
│113├─┘                                   └─────┤011│
└───┴───────────────────────────────────────────┴───┘

# ------------------------------------------------- #

        - Horizontal / First LED bottom left -         
┌───┬───────────────────────────────────────────┬───┐
│113│                                         ┌─┤101│
├─┬─┘                                         │ └─┬─┤
│ └──112 111 110 109 108 107 106 105 104 103 102  │ │
│ ┌──090 091 092 093 094 095 096 097 098 099 100──┘ │
│ └──089 088 087 086 085 084 083 082 081 080 079──┐ │
│ ┌──068 069 070 071 072 073 074 075 076 077 078──┘ │
│ └──067 066 065 064 063 062 061 060 059 058 057──┐ │
│ ┌──046 047 048 049 050 051 052 053 054 055 056──┘ │
│ └──045 044 043 042 041 040 039 038 037 036 035──┐ │
│ ┌──024 025 026 027 028 029 030 031 032 033 034──┘ │
│ └──023 022 021 020 019 018 017 016 015 014 013──┐ │
│ ┌──001 002 003 004 005 006 007 008 009 010 011  │ │
├─┴─┐                                         │ ┌─┴─┤
│000│                                         └─┤012│
└───┴───────────────────────────────────────────┴───┘

        - Horizontal / First LED bottom right -         
┌───┬───────────────────────────────────────────┬───┐
│101├─┐                                         │113│
├─┬─┘ │                                         └─┬─┤
│ │  102 103 104 105 106 107 108 109 110 111 112──┘ │
│ └──100 099 098 097 096 095 094 093 092 091 090──┐ │
│ ┌──079 080 081 082 083 084 085 086 087 088 089──┘ │
│ └──078 077 076 075 074 073 072 071 070 069 068──┐ │
│ ┌──057 058 059 060 061 062 063 064 065 066 067──┘ │
│ └──056 055 054 053 052 051 050 049 048 047 046──┐ │
│ ┌──035 036 037 038 039 040 041 042 043 044 045──┘ │
│ └──034 033 032 031 030 029 028 027 026 025 024──┐ │
│ ┌──013 014 015 016 017 018 019 020 021 022 023──┘ │
│ │  011 010 009 008 007 006 005 004 003 002 001──┐ │
├─┴─┐ │                                         ┌─┴─┤
│012│─┘                                         │000│
└───┴───────────────────────────────────────────┴───┘

        - Horizontal / First LED top left -         
┌───┬───────────────────────────────────────────┬───┐
│000│                                         ┌─┤012│
├─┬─┘                                         │ └─┬─┤
│ └──001 002 003 004 005 006 007 008 009 010 011  │ │
│ ┌──023 022 021 020 019 018 017 016 015 014 013──┘ │
│ └──024 025 026 027 028 029 030 031 032 033 034──┐ │
│ ┌──045 044 043 042 041 040 039 038 037 036 035──┘ │
│ └──046 047 048 049 050 051 052 053 054 055 056──┐ │
│ ┌──067 066 065 064 063 062 061 060 059 058 057──┘ │
│ └──068 069 070 071 072 073 074 075 076 077 078──┐ │
│ ┌──089 088 087 086 085 084 083 082 081 080 079──┘ │
│ └──090 091 092 093 094 095 096 097 098 099 100──┐ │
│ ┌──112 111 110 109 108 107 106 105 104 103 102  │ │
├─┴─┐                                         │ ┌─┴─┤
│113│                                         └─┤101│
└───┴───────────────────────────────────────────┴───┘

        - Horizontal / First LED top right -         
┌───┬───────────────────────────────────────────┬───┐
│012├─┐                                         │000│
├─┬─┘ │                                         └─┬─┤
│ │  011 010 009 008 007 006 005 004 003 002 001──┘ │
│ └──013 014 015 016 017 018 019 020 021 022 023──┐ │
│ ┌──034 033 032 031 030 029 028 027 026 025 024──┘ │
│ └──035 036 037 038 039 040 041 042 043 044 045──┐ │
│ ┌──056 055 054 053 052 051 050 049 048 047 046──┘ │
│ └──057 058 059 060 061 062 063 064 065 066 067──┐ │
│ ┌──078 077 076 075 074 073 072 071 070 069 068──┘ │
│ └──079 080 081 082 083 084 085 086 087 088 089──┐ │
│ ┌──100 099 098 097 096 095 094 093 092 091 090──┘ │
│ │  102 103 104 105 106 107 108 109 110 111 112──┐ │
├─┴─┐ │                                         ┌─┴─┤
│101│─┘                                         │113│
└───┴───────────────────────────────────────────┴───┘
```

